C:\Users\HP\anaconda3\envs\test_env\python.exe C:\Users\HP\work\project\SugarJar\cluster\locationCluster\example.py
{'user_id': '4053', 'timestamp': '1430739123', 'longitude': '116.16091', 'latitude': '3991.0', 'video_id': '1903'}
{5: array([[  39.88596072,  116.53422516],
       [3991.        ,  116.16091   ],
       [  40.19899453,  116.77471123],
       [  39.83501042,  116.27652247],
       [  40.0929639 ,  116.32089663]]), 6: array([[  39.89112742,  116.38301827],
       [3991.        ,  116.16091   ],
       [  40.23274752,  116.79279576],
       [  40.12775116,  116.30316043],
       [  39.77023995,  116.14724419],
       [  39.89289924,  116.60701163]]), 7: array([[  40.032905  ,  116.3767099 ],
       [3991.        ,  116.16091   ],
       [  39.84521632,  116.37413563],
       [  40.22832158,  116.78985004],
       [  39.88027381,  116.6078516 ],
       [  40.27186559,  116.14720527],
       [  39.77885897,  116.11205761]]), 8: array([[  39.83069241,  116.44073168],
       [3991.        ,  116.16091   ],
       [  40.04310882,  116.40792509],
       [  39.88724706,  116.65841665],
       [  39.68855774,  116.07770009],
       [  40.26516929,  116.15264243],
       [  40.23340719,  116.79591225],
       [  39.91298081,  116.27649614]]), 9: array([[  39.70738351,  116.07009381],
       [3991.        ,  116.16091   ],
       [  39.95563935,  116.49112115],
       [  39.78174778,  116.39596402],
       [  40.22936634,  116.79218879],
       [  40.11507757,  116.32075324],
       [  39.84087875,  116.6690986 ],
       [  39.92746645,  116.29811554],
       [  40.46503923,  115.95973351]]), 10: array([[  39.84447161,  116.66193701],
       [3991.        ,  116.16091   ],
       [  39.9292135 ,  116.45982839],
       [  40.15420396,  116.63361254],
       [  39.91877683,  116.28212477],
       [  39.75806252,  116.382828  ],
       [  39.69833361,  116.05193091],
       [  40.47288881,  115.95597335],
       [  40.26545614,  116.96716762],
       [  40.10771766,  116.31849047]]), 11: array([[  40.11785734,  116.29869181],
       [3991.        ,  116.16091   ],
       [  39.84637962,  116.49066117],
       [  39.91675119,  116.29707001],
       [  40.1763948 ,  116.64860526],
       [  40.47513632,  115.95489933],
       [  39.73854005,  116.35674797],
       [  39.86467609,  116.69426766],
       [  39.71426512,  116.05677507],
       [  40.26378719,  116.98688937],
       [  39.9878182 ,  116.45382603]]), 12: array([[  39.90440193,  116.47165837],
       [3991.        ,  116.16091   ],
       [  40.14876316,  116.2712306 ],
       [  39.69288186,  116.04488838],
       [  40.09965833,  116.63038579],
       [  39.83819293,  116.66485614],
       [  39.89974892,  116.26175809],
       [  40.47391522,  115.95091363],
       [  40.34663741,  116.74506837],
       [  40.01356522,  116.37635632],
       [  39.75035382,  116.37659425],
       [  40.17931276,  117.09355314]]), 13: array([[  39.84219831,  116.48588191],
       [3991.        ,  116.16091   ],
       [  40.11859205,  116.29964089],
       [  40.35657605,  116.74394268],
       [  39.71229843,  116.05817027],
       [  40.18343906,  117.09244768],
       [  39.92087041,  116.29678501],
       [  39.98476405,  116.45524612],
       [  40.47338938,  115.95152466],
       [  39.65005243,  116.79907166],
       [  40.12076229,  116.640382  ],
       [  39.89912826,  116.66741639],
       [  39.74426615,  116.35722089]]), 14: array([[  39.86515338,  116.47621753],
       [3991.        ,  116.16091   ],
       [  40.12451315,  116.64425937],
       [  39.85502294,  116.16876484],
       [  40.02321862,  116.4272326 ],
       [  40.13475672,  116.26910627],
       [  40.47502313,  115.95067993],
       [  39.92179456,  116.64224606],
       [  39.9218556 ,  116.31937453],
       [  39.65307281,  115.98026705],
       [  40.35704499,  116.74396801],
       [  39.73742414,  116.36700056],
       [  39.72544233,  116.73486671],
       [  40.18282487,  117.0937369 ]]), 15: array([[  40.47571135,  115.94956679],
       [3991.        ,  116.16091   ],
       [  39.82717692,  116.50128454],
       [  40.35706809,  116.74340714],
       [  39.68926369,  116.04270756],
       [  39.90457877,  116.67076579],
       [  39.96826894,  116.3425033 ],
       [  39.7686357 ,  116.36444385],
       [  40.09774892,  116.40457156],
       [  40.1837927 ,  117.0940184 ],
       [  39.89525332,  116.23660897],
       [  40.12024889,  116.65074404],
       [  39.65680223,  116.79369337],
       [  39.95468513,  116.47353502],
       [  40.15915237,  116.2374615 ]]), 16: array([[  40.0466862 ,  116.35302114],
       [3991.        ,  116.16091   ],
       [  39.91393853,  116.67539674],
       [  39.81217348,  116.53522149],
       [  39.74304491,  116.3663285 ],
       [  40.1341265 ,  116.69253765],
       [  40.18544679,  117.10024935],
       [  39.65536656,  115.98535909],
       [  40.17051744,  116.23502005],
       [  39.92989383,  116.46181885],
       [  39.9057935 ,  116.32647347],
       [  39.66124101,  116.80340781],
       [  40.47581829,  115.94960767],
       [  40.3619128 ,  116.74187705],
       [  39.86291187,  116.17384723],
       [  40.0879555 ,  116.5135762 ]]), 17: array([[  39.91376008,  116.66852334],
       [3991.        ,  116.16091   ],
       [  40.20104594,  116.2165814 ],
       [  39.85525389,  116.38046429],
       [  39.6852087 ,  116.03508514],
       [  40.35771855,  116.74343808],
       [  39.72283572,  116.3470344 ],
       [  39.8976834 ,  116.21804531],
       [  39.96618899,  116.34941203],
       [  40.12238089,  116.65490619],
       [  40.47625846,  115.94886109],
       [  39.79383931,  116.53328491],
       [  40.18448922,  117.09489664],
       [  39.67538195,  116.80802937],
       [  40.07612259,  116.30070786],
       [  39.94123175,  116.48069581],
       [  40.09601095,  116.43407437]]), 18: array([[  40.35517716,  116.74473206],
       [3991.        ,  116.16091   ],
       [  39.9369373 ,  116.22680716],
       [  39.94930554,  116.52413227],
       [  39.73361811,  116.10756974],
       [  40.17216025,  116.23467736],
       [  39.84021211,  116.45358295],
       [  40.1845647 ,  117.09398654],
       [  39.61181276,  116.86501086],
       [  39.76911793,  116.57587428],
       [  39.57743999,  115.86254047],
       [  39.95972906,  116.39095263],
       [  40.475789  ,  115.94968175],
       [  40.12437551,  116.64202226],
       [  39.90709314,  116.70284325],
       [  39.86761473,  116.33050581],
       [  40.07988711,  116.37528487],
       [  39.71926872,  116.34933699]]), 19: array([[  39.87341605,  116.43536321],
       [3991.        ,  116.16091   ],
       [  40.18461995,  117.0944159 ],
       [  39.93976113,  116.16124554],
       [  40.09903102,  116.42997589],
       [  39.66807372,  116.82253802],
       [  39.89442895,  116.29118566],
       [  39.74059195,  116.35661645],
       [  40.47712436,  115.94936802],
       [  40.35734226,  116.74350642],
       [  39.90689084,  116.67823071],
       [  40.12241549,  116.65415109],
       [  39.74009147,  116.14925735],
       [  40.06963143,  116.30578034],
       [  39.77571982,  116.54267725],
       [  39.96831343,  116.37385349],
       [  40.20086722,  116.22146286],
       [  39.95639766,  116.51427443],
       [  39.63721411,  115.93666999]])}

Process finished with exit code 0
